433118987
542569813
-1620713637
2111807451
-88166692
670550005
-1789790274
1112965119
761134431
514224047
-285246209
-1224882433
-1320206353
-186409089
1037948926
1507267444
-1691228577
2109111644
2113894363
838844329
2038673255
1708975551
2011036527
1133627061
992837496
-1250109955
2003823995
-1446683911
2140790391
2000512226
1721761275
-168169476
-67127841
872126335
1477148534
-1611792772
361078711
267890652
-1108347465
257781753
-944472081
-340100139
1912471039
1129953791
-87214289
1137638631
-542212233
-855801889
-579589505
-444777089
-1487044871
402103807
-1242892937
836534111
536764286
-204120355
926563191
-1244207873
1869821694
465477589
-1774725154
1396141645
-145236609
461198332
1834645503
-176171011
-465732674
1149851996
1306951391
-1150552085
-1360201058
-131575833
-2038562991
-75661345
1071349455
-1074594341
-102860865
-623841425
-237143713
-747118609
-1596819495
1866295799
1536392693
1499168567
-565354794
-1218990593
2080283899
-511847473
-270532619
1574336511
-1648443435
1576443790
-2047494313
199079423
733994969
967571447
2012610549
1475401055
1188429775
1044051635
-48381960
-1785807009
-1612950377
898504391
-1428324386
-1216375433
-1142243841
1400869880
1677456231
-134809249
-1611802883
-1022112105
1501528031
-1117528963
-1510150147
1609432574
-978094102
-674163409
1795161535
-1621369105
-1361322499
533167959
-603980289
-1428193352
-1684540225
-1233388087
2145427423
1673396215
-110330371
-958474498
1985437176
-527245395
-172230794
516918702
2009569109
1394080639
1402954487
-413698059
-1779181705
1843357165
2067558231
526783231
-1646332587
1866846583
-91259433
-1677853569
1714878453
-273811471
1328475519
-1667333893
358431851
-1219027201
-173441315
1010072831
492109309
-1652565265
-717488177
-1713398275
-640689057
-576729122
-1124073537
1989016703
-4788226
-1901527579
-1676461825
-896569469
-346325027
245850093
-335982794
884426612
-1833493139
-654381067
-547947009
-1420700355
-68323329
-1480831237
-671456009
-575054851
2080299388
1911619453
-38306465
1506803709
-570802211
2029918173
1534471631
-347144817
-201916482
44039932
-406982889
1289613149
-585885747
1629302781
-177262596
112753533
-1217452033
1408237368
518764543
-1073842209
-1879101473
-235111569
775302485
2045697471
-1635910410
-1212153891
-112945191
1599829246
-1411459243
1979469404
928514001
-13144065
1677701077
2139057982
1442633087
-2015468289
-606188613
-809715721
1599569821
-621457028
-145230339
-67125508
1199531895
1777074005
-538052617
1600825127
-1922982667
-16786023
-1754825379
1860919255
-252838585
-1781148297
2145316985
-218008250
74840671
-581738536
1553463135
-37749830
-1251214219
1056939357
1038603677
503001086
1263